0.016690068 0.01918156 0.022808395
0.017429441 0.020057632 0.023859868
0.018192654 0.020964062 0.024950325
0.01897376 0.021896083 0.026076442
0.01977055 0.02285251 0.027237652
0.02058209 0.023832804 0.028434679
0.021408586 0.024836816 0.029668488
0.022250986 0.025865119 0.030939318
0.023109313 0.026916848 0.032244705
0.02398494 0.027996149 0.03358905
0.024877785 0.029101573 0.03497142
0.025787493 0.030233363 0.036390662
0.026714154 0.031390887 0.03784755
0.027658299 0.032575287 0.039343283
0.028619923 0.0337865 0.04087701
0.029598158 0.03502458 0.042448662
0.0305943 0.036291536 0.04406016
0.031607747 0.037584957 0.045710966
0.03263847 0.038906083 0.04740075
0.03368655 0.040254712 0.049130153
0.03475191 0.041630693 0.05089795
0.035834156 0.04303356 0.052705795
0.036933627 0.04446384 0.054552406
0.03805029 0.045921203 0.05643932
0.03918361 0.047405962 0.058365006
0.04033458 0.0489179 0.06032959
0.04150247 0.05045673 0.06233384
0.04268715 0.052022077 0.0643778
0.043888222 0.05361499 0.066461734
0.04510623 0.055234544 0.068584435
0.04634128 0.05688059 0.070746675
0.047592573 0.058553606 0.072948106
0.04886079 0.060252894 0.0751885
0.050145477 0.061978385 0.07746918
0.051446665 0.06372969 0.07978921
0.052764144 0.06550734 0.082149394
0.054097734 0.06731119 0.084548645
0.055448018 0.069141135 0.08698776
0.056814585 0.0709972 0.089465216
0.05819784 0.07287892 0.09198255
0.059597313 0.07478606 0.09453995
0.06101362 0.076719224 0.09713607
0.062445823 0.07867744 0.09977173
0.0638946 0.08066084 0.102446556
0.06535915 0.08266939 0.105160624
0.06684028 0.08470302 0.10791445
0.068337634 0.08676037 0.11070858
0.06985139 0.088842824 0.11354037
0.07138154 0.09094902 0.11641137
0.0729284 0.093079984 0.11932222
0.074491784 0.09523553 0.1222735
0.07607139 0.09741523 0.12526438
0.07766722 0.09961884 0.12829481
0.079279974 0.10184654 0.13136438
0.080908775 0.10409854 0.1344746
0.08255398 0.10637391 0.13762398
0.08421591 0.108673245 0.14081344
0.085893564 0.11099682 0.1440421
0.08758748 0.11334438 0.14731057
0.089298286 0.11571637 0.15061936
0.09102546 0.11811216 0.15396802
0.09276951 0.12053166 0.15735887
0.09452994 0.1229751 0.16079016
0.09630646 0.1254415 0.16426247
0.09810025 0.12793088 0.16777612
0.099910334 0.1304451 0.17133142
0.10173725 0.13298309 0.17492805
0.10358102 0.13554478 0.17856677
0.10544099 0.13813052 0.18224627
0.1073187 0.14073925 0.18596831
0.10921247 0.14337267 0.18973349
0.111124255 0.14603081 0.19354182
0.11305217 0.1487126 0.19739108
0.11499769 0.1514196 0.20128399
0.11696034 0.15415074 0.20521975
0.11894062 0.15690695 0.20919925
0.12093741 0.15968734 0.21322204
0.12295216 0.16249302 0.21728839
0.12498437 0.16532429 0.22139831
0.12703484 0.1681802 0.22555338
0.12910318 0.17106198 0.22975414
0.13119039 0.17396948 0.2340002
0.13329583 0.17690317 0.23829144
0.13541943 0.17986235 0.24262875
0.13756235 0.18284748 0.24701385
0.13972403 0.18586072 0.25144535
0.14190516 0.18889964 0.25592592
0.14410615 0.1919653 0.2604523
0.14632654 0.19505854 0.26502782
0.14856748 0.1981778 0.26965287
0.15082864 0.20132495 0.27432674
0.1531104 0.20449863 0.27905193
0.15541324 0.20770048 0.2838247
0.15773655 0.21092993 0.28864947
0.16008136 0.21418881 0.29352647
0.16244742 0.21747516 0.29845557
0.16483495 0.2207884 0.30343628
0.16724534 0.22413181 0.3084708
0.16967957 0.22750358 0.31355816
0.17213495 0.23090428 0.31869903
0.17461391 0.23433484 0.32389572
0.17711762 0.23779477 0.3291463
0.17964534 0.2412841 0.33445445
0.18219607 0.24480416 0.33981657
0.18477224 0.24835366 0.34523878
0.18737313 0.25193384 0.3507194
0.18999936 0.25554666 0.35625508
0.19265217 0.25919005 0.36185178
0.1953306 0.26286364 0.36750466
0.19803493 0.26656967 0.3732206
0.20076638 0.27030954 0.3789938
0.20352624 0.27408126 0.38482857
0.20631285 0.2778871 0.39072284
0.2091263 0.28172675 0.39668164
0.21196954 0.28559893 0.40270638
0.21484119 0.28950396 0.40878877
0.21774195 0.29344654 0.4149361
0.22067039 0.29742354 0.42114905
0.22363177 0.3014367 0.42742926
0.22661835 0.30548418 0.43377176
0.22963977 0.30957276 0.44018236
0.23268864 0.31369534 0.44666263
0.23577288 0.3178557 0.4532117
0.23888235 0.3220542 0.45982918
0.24203007 0.32629302 0.46651712
0.24520727 0.33057097 0.4732715
0.24841997 0.33488572 0.48009568
0.25166216 0.33924326 0.4869954
0.2549425 0.34363863 0.49396387
0.25825533 0.3480801 0.50100434
0.26160425 0.35255522 0.5081143
0.26498714 0.35707933 0.5153011
0.268407 0.36163664 0.52256244
0.2718622 0.36624205 0.5298913
0.27535355 0.37088516 0.537297
0.27887994 0.3755732 0.5447742
0.28244513 0.38029808 0.552325
0.2860442 0.38506615 0.55994755
0.2896829 0.38987812 0.5676435
0.29335845 0.39473358 0.5754118
0.29707313 0.39962858 0.583251
0.30082372 0.40456995 0.59116155
0.30461562 0.409555 0.59914553
0.3084455 0.4145834 0.60719615
0.31231686 0.41965476 0.61532265
0.31622586 0.42477193 0.6235174
0.32017615 0.4299329 0.6317888
0.32416767 0.4351374 0.6401297
0.32820013 0.44038865 0.6485445
0.33227444 0.4456863 0.65703213
0.336393 0.45103005 0.6655921
0.34055385 0.4564198 0.67422044
0.34475574 0.46185872 0.68292814
0.3490039 0.46734595 0.6917102
0.35329726 0.47287998 0.7005608
0.35763332 0.47846627 0.709491
0.362017 0.4841019 0.71849865
0.36644807 0.4897871 0.72757983
0.37092727 0.4955266 0.73674065
0.37545252 0.5013193 0.74597895
0.3800301 0.50716364 0.75529003
0.38465577 0.51306087 0.76468647
0.38932985 0.51901376 0.7741621
0.39405614 0.5250192 0.78371364
0.3988348 0.53108126 0.79335123
0.4036658 0.5372011 0.80307597
0.40854952 0.54337716 0.81288296
0.4134894 0.54961103 0.82277614
0.41848493 0.5559051 0.8327563
0.4235344 0.5622603 0.8428243
0.42864394 0.5686779 0.8529859
0.4338101 0.5751571 0.86322707
0.43903625 0.58170134 0.8735675
0.4443247 0.58831364 0.88399315
0.44967481 0.5949889 0.8945171
0.45509002 0.6017374 0.9051409
0.46056783 0.6085582 0.9158634
0.4661117 0.61545134 0.9266886
0.47172636 0.6224179 0.93760854
0.4774076 0.62946373 0.9486396
0.48316064 0.6365879 0.9597746
0.48898962 0.6437926 0.97101814
0.49489006 0.6510792 0.98237544
0.5008676 0.65845525 0.9938424
0.5069244 0.66591823 1.0054375
0.51306266 0.67347413 1.0171363
0.5192796 0.6811257 1.02897
0.52558196 0.68887 1.0409281
0.5319726 0.6967176 1.0530187
0.5384486 0.7046639 1.0652409
0.54501635 0.7127121 1.0776149
0.5516773 0.7208713 1.0901308
0.5584386 0.72914565 1.102797
0.56529677 0.7375306 1.1156195
0.57224965 0.7460371 1.1286027
0.57931125 0.7546682 1.141756
0.5864747 0.7634223 1.155079
0.59374684 0.77230984 1.1685758
0.6011346 0.7813287 1.1822597
0.6086353 0.79048157 1.1961331
0.61625236 0.79977936 1.2102101
0.62399304 0.8092244 1.2244887
0.6318584 0.81882125 1.2389829
0.6398504 0.828576 1.2536938
0.6479764 0.8384913 1.2686275
0.65623486 0.84857416 1.2837969
0.66463804 0.858825 1.2992082
0.67318416 0.86925614 1.3148795
0.68188155 0.87986946 1.330806
0.6907289 0.89067745 1.3469945
0.6997366 0.90167606 1.3634639
0.7089072 0.9128756 1.380219
0.7182483 0.92427915 1.3972765
0.7277639 0.93589413 1.4146439
0.7374594 0.94773734 1.4323308
0.74734384 0.95981026 1.4503468
0.7574171 0.9721205 1.4687123
0.7676937 0.9846778 1.4874392
0.77817744 0.99749565 1.5065353
0.7888765 1.0105826 1.5260268
0.79979694 1.0239534 1.545915
0.81095016 1.0376027 1.5662351
0.82234573 1.0515596 1.5870082
0.833992 1.0658343 1.6082404
0.8459006 1.0804307 1.6299527
0.8580829 1.0953728 1.6521727
0.87054795 1.1106676 1.6749203
0.8833141 1.126341 1.6982247
0.8963871 1.1424007 1.7221035
0.90978295 1.1588693 1.7466056
0.9235218 1.1757607 1.7717457
0.93761176 1.1931009 1.7975563
0.95207506 1.2109082 1.8240825
0.9669205 1.229198 1.8513497
0.9821749 1.2479961 1.8794118
0.9978549 1.2673337 1.9082862
1.0139838 1.2872505 1.9380357
1.0305791 1.307773 1.9686935
1.0476704 1.328937 2.000328
1.0652845 1.3507694 2.032988
1.0834587 1.3733113 2.0667386
1.1022136 1.396612 2.101643
1.1216054 1.4207168 2.1377814
1.1416624 1.4456977 2.1752508
1.1624445 1.4716188 2.2141652
1.1839907 1.4985306 2.2546194
1.2063674 1.5265175 2.2967434
1.229651 1.5557042 2.340713
1.2539179 1.5861874 2.386679
1.279276 1.6180891 2.4348447
1.3058443 1.6515825 2.4854796
1.3337606 1.6868699 2.53888
1.3632135 1.724201 2.5954447
1.394459 1.7639018 2.655711
1.4277798 1.8064002 2.7202876
1.4634806 1.8520558 2.7897873
